0.7500    0.0624
0.743153 0.0637935
0.704038 0.0714199
0.661606 0.0791357
0.615543 0.086662
0.565522 0.0936737
0.511197 0.0997295
0.452213 0.104205
0.390442 0.106174
0.332468 0.105113
0.282343 0.101774
0.239087 0.0969453
0.201797 0.0913435
0.16969 0.0853096
0.142081 0.0790821
0.11837 0.072839
0.1000    0.0673
0.1000   -0.0392
0.106035 -0.0402323
0.126613 -0.0431272
0.150436 -0.0459394
0.177998 -0.0485951
0.209871 -0.0509773
0.246711 -0.0529367
0.289274 -0.0542581
0.338424 -0.0543965
0.395132 -0.052832
0.455493 -0.0492645
0.513162 -0.0443942
0.566363 -0.0389528
0.615462 -0.0333589
0.660796 -0.0278906
0.702675 -0.0227479
0.741386 -0.0181152
0.7500   -0.0171
0.7500    0.0624
